.i 6
.o 4
.ilb a2 a1 a0 b2 b1 b0
.ob za zb zc zd
 

000000 1100
000001 1000
000010 --1-
000011 1010
000100 --11
000101 1101
000110 01-1
000111 0000
001000 0000
001001 0000
001010 0000
001011 0000
001100 0000
001101 0000
001110 01-0
001111 0000
010000 0000
010001 0000
010010 0000
010011 0000
010100 0000
010101 0000
010110 0000
010111 0000
011000 0000
011001 0000
011010 0000
011011 0000
011100 0000
011101 0000
011110 0000
011111 0000
100000 0100
100001 0000
100010 0000
100011 0000
100100 0000
100101 0000
100110 0000
100111 0000
101000 00-0
101001 0000
101010 1000
101011 0000
101100 0000
101101 0000
101110 0000
101111 0000
110000 0000
110001 0000
110010 0000
110011 0000
110100 0000
110101 0000
110110 0000
110111 0000
111000 0000
111001 0000
111010 0000
111011 0000
111100 0000
111101 0000
111110 0000
111111 0000

.e